86.28800964355469
37.38970184326172
31.83678436279297
17.725812911987305
10.518959999084473
5.444382190704346
12.635991096496582
5.29258394241333
6.0367889404296875
5.677093505859375
7.066798210144043
5.779482841491699
5.197277545928955
5.665166854858398
4.674598693847656
3.4384829998016357
3.864553689956665
4.13859748840332
4.857272624969482
3.3861615657806396
4.402934551239014
4.686901569366455
2.316161870956421
2.1638028621673584
2.4632444381713867
2.564042091369629
2.1093153953552246
2.3903696537017822
1.8379777669906616
1.8979932069778442
1.8660422563552856
1.5076266527175903
1.8525440692901611
1.6394941806793213
1.4736011028289795
1.6794871091842651
1.716133713722229
1.1435633897781372
1.1953845024108887
1.4165204763412476
1.7159615755081177
1.383203387260437
0.973301887512207
1.7470355033874512
0.8091870546340942
1.003012776374817
1.1432015895843506
0.7826403975486755
0.7600572109222412
0.6337335109710693
0.9348116517066956
1.2107166051864624
0.4682878851890564
0.4180727005004883
0.4454909861087799
0.42351245880126953
0.693607747554779
1.0146234035491943
0.7930508255958557
0.30675971508026123
0.48906007409095764
0.18383587896823883
0.7504613399505615
0.5931698083877563
0.5828367471694946
0.2649737596511841
0.8645662069320679
0.16879096627235413
0.17444512248039246
0.48437440395355225
0.22305423021316528
0.18292705714702606
0.46983543038368225
0.2010570466518402
0.12607377767562866
0.11324702948331833
0.2451624870300293
0.10352381318807602
0.1265765130519867
0.1309167891740799
0.12486974149942398
0.12982526421546936
0.24269428849220276
0.47263213992118835
0.4383614957332611
0.9203977584838867
0.11753486841917038
0.07233181595802307
0.0875258818268776
0.5630783438682556
0.08253049850463867
0.08093152940273285
0.0826815664768219
0.08286857604980469
0.42031076550483704
0.09163587540388107
0.07130969315767288
0.06466668099164963
0.0958557203412056
0.07502709329128265
0.0653999000787735
